Implementación Original
promedio error: 1.0
promedio iteraciones: 2030495.1361875
Implementación más rápida
promedio error: 7.1293400625
promedio iteraciones: 5121420.7851249995
Implementación intermedia
promedio error: 2.3853305625
promedio iteraciones: 2004644.2401875001


Implementación Original
promedio error: 1.0
promedio iteraciones: 2376578.401875
Implementación más rápida
promedio error: 7.1293400625
promedio iteraciones: 1718742.2141874998
Implementación intermedia
promedio error: 2.3853305625
promedio iteraciones: 2302064.4979375
Implementación Original
promedio error: 1.0
promedio iteraciones: 1964290.0231249998
Implementación más rápida
promedio error: 7.1293400625
promedio iteraciones: 1423939.4373125
Implementación intermedia
promedio error: 2.3853305625
promedio iteraciones: 1.1529214789592514e+16


Implementación Original
promedio error: 1.0
promedio iteraciones: 1767049.861875
Implementación más rápida
promedio error: 7.1293400625
promedio iteraciones: 1276007.60475
Implementación intermedia
promedio error: 2.3853305625
promedio iteraciones: 1744266.8503124998





Experimento Marto
vec iteraciones (todas entran al if): 57385762, 57337914, 60495990, 57082180, 57287470, 59860561, 58343142, 57521384, 57217826, 57317264, 58058924, 57710973, 57629067, 59159013, 57412297, 57357166, 58443873, 59950413, 57569874, 57885252, 58581025, 57356663, 57864107, 57010128, 58223110, 57266498, 59038166, 57289180, 57828194, 57611092, 57319929, 57481625, 58476999, 57347956, 59299921, 57790563, 58512675, 57595881, 57422174, 59006407, 57449660, 57296759, 57268278, 57993384, 57283051, 57900757, 57262859, 57372525, 57752806, 59203489, 59513107, 57285226, 59603389, 57302283, 57456611, 57328926, 57235867, 57195802, 57225245, 57986553, 57803418, 57349016, 57269615, 57566800, 57370175, 57481905, 57329591, 58088598, 58282540, 57081967, 58636012, 57123573, 57602136, 57562375, 57334859, 58213792, 60756825, 57848164, 58834729, 57985142, 58318284, 57668729, 57560346, 58264904, 57450210, 57385379, 58788561, 57858611, 57437987, 57620405, 57072023, 57175204, 57365091, 58432318, 57258139, 57283108, 57718733, 57769238, 57804348, 57412858, 57204514, 58156413, 57275559, 57263025, 56831137, 57235248, 57552201, 57177748, 57841415, 58144647, 58203913, 57277892, 57275673, 59082783, 57124807, 58427117, 57656816, 57492577, 57331982, 58797065, 57896572, 57675155, 57258239, 58615900, 58673455, 57649078, 57410666, 60886869, 58212086, 58351239, 57364745, 58874667, 58007475, 57651728, 57819646, 57693689, 59078165, 57345642, 57401813, 58095506, 59902074, 57859876, 58314514, 57559637, 64268017, 58476552, 57255700, 57436123, 58285302, 57903548, 57117709, 58955795, 59120370, 57847214, 57218449, 57249474, 57787120, 58260721, 57234039, 57713618, 59107599, 58142147, 57314618, 59019341, 57747995, 58376126, 57103686, 57352448, 57657540, 58502735, 57628456, 59158908, 57292268, 59014053, 58172405, 57271517, 57416140, 58863201, 57773854, 57331613, 58947042, 57342363, 58587473, 57581929, 57739357, 57345091, 57318612, 57795879, 57496809, 57260899, 57299146, 58321152, 58629462, 57309133, 58596220, 57163825, 57685205, 58136214, 57267954, 57202167



Experimento Marto
vec iteraciones (equiprobable cada branch): 53213398, 54138577, 54469263, 53756155, 53718641, 53354617, 53303761, 54572467, 54372020, 53824405, 53176309, 53230966, 53131083, 53075091, 54157871, 55285108, 53071324, 53958488, 55519293, 53527102, 53851198, 52888455, 52914005, 53196168, 53720891, 53593155, 53277340, 53204513, 53284979, 53706794, 53151955, 53172634, 53773393, 52746032, 53369045, 53766902, 53237017, 53154658, 53220220, 53862694, 52666542, 53277607, 54116215, 53300136, 54557688, 53307236, 53726384, 53742073, 53176664, 53283944, 54502090, 53970535, 53525583, 53200614, 53290663, 53173422, 55142193, 52924218, 53269958, 53028387, 53324694, 53032195, 54710338, 53283903, 53285489, 53822875, 52990329, 53258901, 53343003, 53318718, 53254427, 53470779, 53813971, 53325251, 54190311, 52947959, 54173313, 53343351, 53774486, 53015872, 53320194, 54350927, 53425383, 53323891, 54655984, 52950340, 53078121, 54008756, 55475943, 53286618, 54897295, 53103493, 58885708, 53260662, 57704297, 53459158, 54230914, 53745899, 53522762, 53723416, 48434372, 53127229, 48915143, 48864095, 50093852, 49519932, 48662226, 55548967, 48429974, 49123840, 48852727, 48693859, 48459147, 48871662, 48504499, 49632972, 48828029, 49225286, 48983661, 48805883, 49196279, 48808719, 48405018, 48863503, 49121353, 48487401, 48674386, 49623715, 48656951, 48409711, 49737722, 49146457, 48769777, 48863813, 50176041, 48289122, 48503304, 48831768, 48725219, 49948822, 48473352, 48630604, 48306279, 48584145, 48721453, 49106927, 49758997, 48895220, 48377411, 48977740, 48525932, 48696380, 48372051, 50090656, 48835838, 48462600, 48888236, 48464971, 48500489, 50864925, 49143506, 48563571, 49935019, 49765304, 49168740, 49609795, 48440440, 48502454, 48836343, 48906674, 48693749, 48387398, 48236593, 48849338, 50047071, 48460075, 48519800, 48733665, 49050049, 49519495, 48632692, 48813462, 48376095, 49532559, 48709638, 48415687, 48436148, 48401984, 48466592, 49430746, 48339419, 49221665, 48411761, 48414826, 49665180, 48585538, 48794304, 48467567, 48892195, 48315036
