generador_graficos_tamaños.py ImagenFantasma 50 50 50
[60006.5306122449]
[715374.9817351598]

[218847.97732426305]
[2513499.3272311212]

[579325.6162528216]
[6243347.538461538]

[1559680.414918415]
[16823928.943209875]

ASM = [60006.5306122449
,218847.97732426305
,579325.6162528216
,1559680.414918415]


C_O3 = [715374.9817351598
,2513499.3272311212
,6243347.538461538
,16823928.943209875]

Nuevo experimento
generador_graficos_tamaños.py ImagenFantasma 50 50 50
[53367.65133171913]
[706650.2687927107]generador_graficos_tamaños.py ImagenFantasma 50 50 50
[201543.47990543736]
[2453625.5269320845]generador_graficos_tamaños.py ImagenFantasma 50 50 50
[650665.7342342342]
[7222061.0917225955]generador_graficos_tamaños.py ImagenFantasma 50 50 50
[2055099.3693693695]
[20176322.791762013]